83010
83047
83244
83258
83394
83395
83481
83525
83597
83643
83692
83782
83800
83839
83900
86926
87737
87738
94696
97355
97356
97357
97358
97359
97360
97362
97363
97364
97366
97367
97375
97376
97377
97378
97379
97380
97381
97384
97386
97387
97391
97393
101410
106372
113091
118495
119957
87754
99310
99311
115476
115477
115478
115479
115480
115481
115482
115484
115486
118115
118118
118256
118261
120328
83435
83457
83776
83778
83783
83787
83789
83801
83802
120322
86701
86851
87702
120321
95945
99456
99457
99458
99468
99469
99470
99472
99474
99475
99478
99481
99483
99484
99485
99486
99488
99489
99517
99610
99644
104775
104776
104779
104791
108050
108519
120323
83845
83907
83908
83846
94914
86702
83843
83884
83883
83785
83867
86700
99505
99506
99507
99509
99510
99653
83868
99511
99512
83844
99659
99508
99513
99515
99715
120327
99516
83784
99730
83484
83547
83555
83561
83651
83727
83746
83760
94951
95889
95890
99526
99527
99528
99531
99532
99534
99592
99621
99622
99641
104772
104773
115487
115488
83728
83748
99530
104768
83769
104770
83764
99561
99563
99564
104771
99559
99556
99529
83485
83540
83565
83652
95873
83562
95872
94950
95895
99571
99572
99574
99575
99576
104757
83375
95892
99577
99578
99580
99581
99582
104760
99583
99584
99585
99586
99587
99579
104758
83374
95891
95893
99588
99589
106269
104759
99573
115489
115490
115491
115492
115493
115494
115503
115497
106270
112420
115498
115499
95894
115500
115483
115502
118262
115504
115505
115506
83560
83666
83702
83704
83714
83732
83733
99594
99595
99596
99597
99598
99648
99650
99657
99662
108576
83734
83749
94947
99601
99604
99605
104774
83770
99602
99603
99606
83780
83781
94946
99525
99607
83715
83767
83768
99608
99609
83759
83750
83647
83649
83650
106917
106916
83753
83761
86864
99518
99612
99614
99615
99616
99618
99620
99660
99663
104790
83772
87701
99624
99625
108577
108579
108578
99626
83786
99627
99628
83703
99519
99617
99629
99630
99631
99634
99664
104777
99476
99636
99523
99637
99638
99639
104792
99520
99640
99651
99677
99683
99647
99649
99599
99600
86865
99681
83587
83654
83655
83665
99591
99593
99645
99665
83664
83554
88500
99590
99654
99656
99652
99611
99643
99661
99522
83368
83371
83445
99666
99668
99669
99670
104784
104785
104786
107894
83372
83446
96187
94952
83370
83335
99672
104780
115507
115508
115509
115510
115511
115512
115513
99673
104781
104782
104783
99667
99674
83334
104787
83367
83442
83463
99459
99477
99613
99619
99633
99635
99646
99678
83449
99632
83458
99514
99680
99623
99671
104788
99655
99684
109934
109933
83894
95944
118422
120333
86698
120331
120335
120329
120330
108048
120326
120325
118014
118640
120324
120332
87381
83892
120336
120337
120338
87761
120334
120339
120340
95943
83779
86695
87005
95796
95797
113694
113695
113699
113710
113711
113712
113713
113714
113715
113716
113717
113718
113719
99704
99705
113720
113721
83896
83798
83840
86690
86693
95799
83895
95798
83847
83788
83887
83797
83456
83517
83605
83606
95611
99707
99708
99709
99710
99713
99764
99855
99856
106150
108507
108508
108511
108518
83519
99714
99717
99720
99721
99724
99725
99726
99728
99732
99733
99739
99767
99768
104812
99719
99735
99737
99740
104810
99455
99479
99480
99482
99736
99738
99741
99742
99743
99744
99745
99746
99747
99748
99473
99642
104808
83771
99718
99749
99750
104811
83777
99734
104809
83520
99751
99752
99753
99754
99755
99756
99757
99758
99759
104813
99760
99762
118383
99761
88310
99460
99763
99766
104814
99765
83595
87020
95614
99729
99731
108498
108499
99769
108496
108497
88501
99716
83516
99770
108502
108503
87019
99771
108500
108501
99772
83518
99773
108504
108505
106151
108516
99706
108506
95612
95616
95615
95613
99774
99775
118147
83452
118116
108510
99776
99777
99778
108509
118117
118148
115698
115699
83602
83693
83699
83708
83711
99779
99780
99781
99782
99784
99785
99786
99787
99788
99789
99790
99791
99792
99793
99794
102181
83710
83758
99796
99797
99798
99799
99800
99801
99802
99803
99804
99805
99806
101698
83773
99807
99808
99809
99712
99810
99811
99812
99813
99814
99815
99816
99817
118384
99487
118385
99795
99818
99819
83709
83604
99821
99822
83603
99823
99824
99825
99826
99827
99783
102182
99828
83700
83752
86850
94705
99829
99830
99831
99832
83774
94704
99833
99834
99835
99836
99837
99838
99839
94703
87104
87105
99840
99841
99842
99843
99844
99845
99846
87101
87103
99847
99848
99849
87102
99850
99851
87106
87107
83469
83521
83598
83599
83601
83644
83645
95929
95931
83600
83635
95930
83536
99852
99853
99854
83459
94702
83470
83526
83450
112287
112288
83451
83438
99857
99858
99859
99860
107883
107934
107939
109138
109139
115514
115691
115692
118223
119974
107901
107911
115516
115517
115518
115519
115520
115521
115522
115523
115524
115525
115526
115527
115528
115529
115530
115531
115533
115534
120035
115538
115540
115541
115542
115543
115693
115695
120034
118264
118921
120027
120036
115580
120032
120028
120031
115550
115551
115553
115554
115562
115575
115578
120030
118259
120038
115561
115563
115564
115565
115566
115567
118258
115569
118257
118260
115570
115571
115572
115573
120037
120029
115555
115574
115576
115577
115581
115694
115582
115583
115584
115585
115586
115587
115588
115589
115590
115591
115592
107907
115593
115595
115596
115597
115598
115599
115600
115603
115604
115605
115606
115607
115608
115609
115610
115611
115612
115613
115614
115615
115616
107886
107887
115617
115618
115619
115620
115621
115622
115623
115624
115625
115626
115627
115628
115629
115630
115631
115632
115633
115634
115635
115636
115638
115639
115640
115641
115642
115643
115644
115645
115646
115647
115648
115649
115650
115651
118229
115652
115653
115654
115655
115656
115657
115658
115659
115660
115661
83362
115662
115663
115664
115665
115666
115667
115668
115669
115670
115671
115672
115673
115674
115675
83058
83109
107905
107912
107914
107915
107937
115676
83110
83111
83124
107903
115677
115678
115679
115680
83105
107902
107913
83104
115681
115682
115683
115684
115685
83125
83090
107904
83071
83057
83102
83103
107906
107908
107916
115686
115687
83133
115688
83089
83069
83134
115689
115690
83087
83088
83067
107938
107936
83151
83161
87736
95800
95802
99864
99865
99866
99867
99868
99869
99870
99871
99872
107877
107929
108025
109160
109161
109162
109163
109164
109166
109168
109169
109170
109171
109172
109218
109219
109224
113094
113095
113097
113098
115945
115946
115947
118226
119976
99873
99874
99875
107882
109176
109186
109191
118126
109177
115515
109173
109175
109178
109179
109180
109181
109174
118142
106351
99876
99877
99878
107879
108512
108513
109182
109183
109187
98469
99879
99880
99881
106152
106271
107880
109185
109188
109189
109192
118230
99882
99884
106272
107881
108515
106273
99883
108514
109190
118224
118225
109193
109194
109184
109195
99885
107935
109196
109198
109199
109200
109201
109202
109203
109205
109206
109207
109209
109210
109211
109223
109225
114795
118246
118248
109197
87390
87391
107928
109213
109214
109226
109228
118251
109165
109215
109217
109221
109222
118227
109212
109227
109220
109204
109229
118271
118272
109216
99887
99888
99889
109231
109232
114785
114793
118231
118249
109230
109235
109236
109237
109238
109239
109240
109241
114794
118250
109208
109234
109242
114784
118247
109233
109243
114792
83157
83190
83192
83214
83221
83226
99893
99894
99896
99897
99898
104864
104868
83158
83181
83193
99899
99900
99901
113081
113082
113083
118222
107878
86853
86854
99895
83196
83175
113096
99903
99904
113085
113086
113088
113089
113084
113087
83180
99905
99906
83243
99907
95556
104865
97365
113092
113093
113090
83182
83183
87394
99908
99909
83191
83212
104866
83189
87393
83188
95932
99910
83163
83043
83045
83046
83056
83064
83081
99911
99912
107931
108027
83065
83159
99913
99914
99915
83145
83072
87708
83066
83076
83077
95801
107930
83044
83080
83113
83116
83117
108024
108026
99916
108023
83114
83135
83136
83073
83027
87386
107933
83041
107932
114239
114242
87109
87110
100996
83899
83799
87108
94695
83480
83691
83695
83705
94697
94700
101040
101041
101042
101043
101044
94699
101045
101046
101047
101048
101049
101050
101051
101052
101053
83696
86849
86852
94698
101054
101056
104815
101057
101055
101058
101039
83740
83543
83596
83617
83618
83613
83641
83642
112285
94701
83522
83532
83376
101071
101072
101076
104973
118886
83428
83409
101070
101077
118885
83393
83306
83316
83329
101078
101079
101080
106239
114237
117388
117387
114236
83320
101069
103759
101081
114241
114240
83223
101402
101403
109946
83257
101404
101405
101406
83246
101407
100976
101408
113099
114238
88205
97401
101399
106373
106374
97390
101398
97392
113069
101401
106375
119978
120382
