13394
13469
13475
13653
13657
13660
32606
48437
48459
48467
48470
48472
48478
49392
52890
52892
52894
68146
75578
75579
75580
75581
75583
75584
75586
76400
76401
76404
82798
82799
82812
82818
82959
82987
83010
83047
83244
83258
83394
83395
83481
83525
83597
83643
83692
83782
83800
83839
83900
83974
84010
86926
86997
87200
87201
87633
87737
87738
87859
87860
94696
95672
96506
97355
97356
97357
97358
97359
97360
97362
97363
97364
97366
97367
97371
97372
97373
97374
97375
97376
97377
97378
97379
97380
97381
97384
97386
97387
97391
97393
99956
101410
106372
109269
112221
113091
113462
113463
113746
113747
113748
113749
113750
115948
118423
118495
118504
119957
84261
84274
84292
84293
84295
84297
84306
84308
86590
94732
97403
97405
97406
104796
108005
108330
113464
113465
113466
113467
113468
113751
119961
84334
86932
95861
99054
99055
99056
99057
99071
106980
120019
120020
84291
84451
99138
99139
99140
99141
99142
99143
99144
99177
106975
106976
86933
99145
99146
99147
84307
86935
86936
99159
99160
99161
99162
99163
99164
106978
99165
99166
86937
84329
86938
99167
99168
86939
99169
99170
84452
99171
99172
99173
99174
99175
86941
99176
107051
86942
86940
97441
84304
84321
84342
84769
120459
99220
99221
99222
99223
99225
99226
99227
99228
99229
99230
99241
116360
120460
84294
84324
86943
86944
86945
99231
99232
99237
106974
108194
84450
84455
87728
99234
99235
100820
84635
99236
84659
106979
84314
84315
86946
98883
84424
84560
99233
99238
84425
99239
86947
99240
86948
84322
84323
86949
99242
112515
106395
86950
112516
112517
99257
84258
84545
86951
99265
99266
99267
99269
99270
99281
99286
104801
106981
99272
116357
99273
116356
84260
84303
99224
99275
99276
104803
116361
116362
99268
86952
99277
86953
99278
99279
99891
99280
84259
99282
99283
99285
104799
99271
104802
99284
104800
84331
95860
84275
120012
108413
113471
113472
113474
113475
113476
113477
113479
113480
113481
113482
113483
113484
113485
113486
84335
84604
84697
84714
86954
86955
99307
120013
108267
113487
113488
113489
113490
113491
113492
84328
84351
86956
120014
108268
108271
120016
120015
120018
99304
108270
116359
116358
120017
116418
84325
114231
84607
84874
114232
113496
113497
87001
113498
113499
113500
113501
113502
113503
113504
113505
113506
113507
113508
113509
113510
113511
113512
84333
113513
113514
113515
113516
113517
113518
113519
113520
113521
113522
113523
113524
113525
113526
113527
113528
113529
113530
113531
113532
113533
113535
113537
113541
113542
113752
113753
113754
113755
113583
119607
113756
113757
113758
113759
113585
113586
113587
113588
113760
113761
113644
113762
113763
113764
113645
113646
113765
113766
113767
113768
113769
83270
83293
83294
83304
83311
83315
83337
83482
83566
83672
83673
83924
84192
87359
87754
88422
88712
94920
94922
95673
96172
99310
99311
99314
104754
104756
106924
120225
120226
107889
107890
107892
109136
109137
109885
110396
110397
112591
114333
114334
114335
114336
114337
114338
114339
114340
114341
114342
114343
114344
114345
114346
114347
114348
115475
115476
115477
115478
115479
115480
115481
115482
115484
115486
118115
118118
118256
118261
118421
119969
119970
119971
119972
83510
83742
83743
87756
95581
95947
95954
114349
114350
114351
114354
114355
114356
114357
114359
114360
114362
114370
114373
114375
114376
114377
114378
114379
114380
114381
114382
114383
114385
114390
114391
114392
114393
118419
114469
114470
114471
114473
114474
83523
95582
95588
108095
119534
119973
83528
83533
95594
95598
95955
96038
114542
95596
95593
83531
83545
83619
114550
114551
114552
114553
114554
114555
114556
96037
114561
114562
114563
114564
114565
114566
114567
114568
114569
114570
114571
83527
83558
95595
95949
95951
96036
83538
83539
95587
95589
95950
95953
95952
83506
83338
83378
83379
83418
83499
83500
94933
83421
83467
95607
83501
83408
94931
95580
95584
95585
95590
95586
95583
83420
83357
94932
83358
83962
87360
94934
110953
114572
83911
83965
84033
96621
114573
114574
114575
114576
114577
114578
83967
114579
83966
114580
114581
114582
114583
114584
114585
114586
114587
114588
114589
114590
114591
114592
114593
83951
83963
83964
84031
84032
110951
83952
83960
110952
83929
114594
114595
114596
114597
114598
114599
114600
114601
114602
114603
96620
84193
83909
83910
87361
94924
96117
96119
96120
114604
84030
87362
96116
118420
94936
94935
96115
110954
110955
83959
96583
96118
114605
114606
114607
96121
114608
83994
87363
83919
83921
83920
83874
86706
94921
114609
114610
94925
83873
110956
83875
114611
114612
114613
114614
114615
114616
94923
114617
114618
83388
83412
83460
83505
83509
83529
83534
83541
83548
83567
83573
83590
83678
88421
94937
112596
114619
114620
114621
114623
114624
114625
114626
114627
117175
83632
83659
83706
83707
83731
83738
83744
114628
114629
114630
114632
114633
117176
83730
83754
114634
114635
114637
114638
114639
114640
114641
114642
117177
114636
114643
114644
114645
114646
114647
112597
114648
117173
117174
114631
114649
83745
114650
83514
83627
83628
83658
83661
95957
83646
83662
83663
83515
83556
83557
95958
95948
95956
83507
83537
83530
114651
114652
114653
114654
114655
114656
114657
114658
114659
114660
114661
114662
114663
114664
114665
114666
83637
83687
83688
83314
83392
87755
88420
83396
83419
83508
83397
83461
83474
87753
83473
88425
83417
112594
83413
83305
88423
83589
83670
83721
83725
83726
83735
114667
114668
114669
114670
114671
114672
114673
114674
114675
114676
114677
114678
114679
114680
114681
114682
114683
114684
114685
114686
114687
114688
114689
114690
114691
114692
114693
114694
114695
114696
114697
94940
114698
83535
83657
83669
94939
94938
83544
83674
83591
83549
114699
114700
114701
114702
114703
114704
114705
114706
114707
114708
114709
114710
114711
114712
114713
114714
114715
114716
83574
83676
83677
112376
83671
83675
83572
83381
83487
87757
88419
120223
120224
83377
83494
112595
83455
88428
83387
83493
83331
83333
88418
88427
96058
83332
83360
88426
107819
112419
107820
83359
88424
96057
83309
83310
83483
83009
83015
83040
83050
83051
83095
83166
83262
88161
95577
95792
95857
99385
99388
99389
99390
99395
99402
106702
108522
83167
95578
95579
106893
83251
83277
109772
83254
83199
83263
83092
83093
94941
83132
83130
83131
83032
83099
83146
83162
83165
83170
83171
83172
83228
83231
83267
83224
83259
94944
83230
88160
83290
83260
83253
94943
83164
83204
83256
94945
83275
83229
83068
83094
83096
83097
109853
83119
83120
120383
83049
95557
95559
95560
95558
83169
83273
96173
83274
83272
83173
95710
107888
94942
120004
83227
96169
96171
83168
83152
96175
96177
96170
96174
96176
83098
87369
87595
99417
99418
99419
99420
99422
99423
99424
99429
109984
83100
109983
87366
99421
99425
99428
104751
109985
106947
83017
99430
99431
99426
99427
87387
99313
83029
83031
99312
104755
87371
87372
99432
99433
99434
104752
104753
87373
99435
82991
88085
88087
96780
104750
82988
87377
88067
88088
98480
99436
99437
99439
99440
99441
105018
108524
109910
87364
108523
83016
95858
95859
99394
105010
106700
99446
99447
87375
95856
99448
99449
99450
99387
87365
95794
99451
88083
88084
88089
112904
95824
99413
99438
99452
99453
106393
87376
99442
99393
99121
82984
82990
82989
88086
82953
82983
83014
109886
82819
112757
120328
83435
83457
83776
83778
83783
83787
83789
83801
83802
84059
84065
84138
84179
84231
120322
86701
86704
86851
87702
120321
95945
99456
99457
99458
99461
99462
99463
99464
99466
99468
99469
99470
99472
99474
99475
99478
99481
99483
99484
99485
99486
99488
99489
99517
99610
99644
104775
104776
104779
104791
104793
108050
108519
120323
114717
83845
83907
83946
84144
84209
84224
108006
84145
84152
84214
84215
84170
84213
84251
84228
84216
107282
84232
84276
94731
83830
83908
83922
83923
87358
87378
94918
87379
87380
83870
83872
86705
94917
83871
83879
83880
114718
114719
114720
94911
83991
83947
83846
83849
83850
86703
94916
94912
94915
94913
94914
86702
84162
84212
84225
99465
99467
99490
99491
104794
84226
84227
84236
84290
94949
94948
84183
84218
84220
99493
99494
99496
99497
104797
118380
84173
84178
99499
99500
99498
118379
99495
104795
84221
97402
104798
99501
99502
84180
84139
99503
99504
99492
83843
83884
83945
83883
83785
83867
86700
99505
99506
99507
99509
99510
99653
83868
99511
99512
83844
99659
99508
99513
99515
99715
120327
99516
83784
99730
83484
83547
83555
83559
83561
83651
83727
83746
83760
94951
95889
95890
96800
99521
99524
99526
99527
99528
99531
99532
99533
99534
99592
99621
99622
99641
104772
104773
115487
115488
83568
83653
83722
83724
83728
99536
99537
99538
99540
99543
99546
99547
99557
104763
104764
104766
104767
114772
114773
114775
114776
114777
114778
83723
99548
99549
99550
99551
99552
99553
114721
114722
114723
114724
114779
114725
114726
114727
114728
114729
114730
114731
114732
114733
114734
114735
114736
114737
114738
99544
99545
114781
114780
99539
99542
99554
99555
83569
83667
83668
99541
99535
104765
83656
83748
83766
99530
99558
104768
83769
99560
99562
104769
114774
104770
83764
99561
83729
99563
99564
104771
99559
99556
99529
83485
83540
83565
83652
95873
99565
99566
83563
99567
99569
104761
83564
83562
83486
99570
104762
96580
99568
95872
94950
83365
83366
83476
95895
99571
99572
99574
99575
99576
104757
107891
83477
95923
83475
96801
83478
83375
95892
99577
99578
99580
99581
99582
104760
99583
99584
99585
99586
99587
83369
99579
104758
83374
95891
95893
99588
99589
106269
104759
99573
115489
115490
115491
115492
115493
115494
115503
115496
115497
106270
112420
115498
115499
95894
115500
115483
115502
118262
115504
115505
115506
83560
83666
83702
83704
83714
83732
83733
99594
99595
99596
99597
99598
99648
99650
99657
99662
108576
83734
83749
94947
99601
99604
99605
104774
83770
99602
99603
99606
83780
83781
94946
99525
99607
83715
83767
83768
99608
99609
83759
83750
83647
83649
83650
106917
106916
83753
83761
86864
99518
99612
99614
99615
99616
99618
99620
99660
99663
104790
83772
87701
99624
99625
108577
108579
108578
99626
83786
99627
99628
83703
99519
99617
99629
99630
99631
99634
99664
104777
99476
99636
99523
99637
99638
99639
104792
99520
99640
99651
99677
99683
99647
99649
99599
99600
86865
99681
83587
83654
83655
83665
99591
99593
99645
99665
83664
83554
88500
99590
99654
99656
99652
99611
99643
99661
99522
83368
83371
83445
99666
99668
99669
99670
104784
104785
104786
107894
83372
83446
96187
94952
83370
83335
99672
104780
115507
115508
115509
115510
115511
115512
115513
99673
104781
104782
104783
99667
99674
83334
104787
83367
83442
83463
99459
99477
99613
99619
99633
99635
99646
99678
83449
99632
83458
99514
99680
99623
99671
104788
99655
99684
109934
109933
83894
84036
84040
95944
99658
99685
99688
99689
99722
113647
113648
113649
113650
113651
113652
113653
113654
113655
113656
113657
113658
113659
113660
118422
84061
84128
84143
84156
84158
84172
112352
113661
84171
84230
84233
84244
84174
96654
84157
84064
84124
84133
84136
99454
99690
99691
99693
84137
99694
99692
84135
84067
99695
99696
99697
84068
99471
99687
99698
84060
113662
113663
113664
113665
113666
113667
113668
113669
113670
113671
113672
113673
84127
84134
112353
120333
86698
88714
120331
120335
99699
99700
99701
99686
99723
99702
99703
84004
120329
120330
108048
120326
120325
118014
118640
120324
120332
87381
84009
88713
113674
83892
120336
120337
120338
87761
120334
120339
120340
95943
84177
86820
87003
87004
108475
113675
113676
113677
113678
113679
113680
113681
113682
113683
113684
113685
113686
113687
113688
113689
113690
113691
113692
113693
84255
113770
84072
83779
86695
87002
87005
95796
95797
113694
113695
113696
113697
113698
113699
113700
113701
113702
113703
113704
113705
113706
113707
113708
113709
113710
113711
113712
113713
113714
113715
113716
113717
113718
113719
99704
99705
113720
113721
83896
83975
84006
94722
84005
94721
84002
83798
83840
86690
86693
95799
83895
95798
83847
83788
83887
83797
83456
83517
83605
83606
95611
99707
99708
99709
99710
99713
99764
99855
99856
106150
108507
108508
108511
108518
83519
99714
99717
99720
99721
99724
99725
99726
99728
99732
99733
99739
99767
99768
104812
99719
99735
99737
99740
104810
99455
99479
99480
99482
99736
99738
99741
99742
99743
99744
99745
99746
99747
99748
99473
99642
104808
83771
99718
99749
99750
104811
83777
99734
104809
83520
99751
99752
99753
99754
99755
99756
99757
99758
99759
104813
99760
99762
118383
99761
88310
99460
99763
99766
104814
99765
83595
87020
95614
99729
99731
108498
108499
99769
108496
108497
88501
99716
83516
99770
108502
108503
87019
99771
108500
108501
99772
83518
99773
108504
108505
106151
108516
99706
108506
95612
95616
95615
95613
99774
99775
118147
83452
118116
108510
99776
99777
99778
108509
118117
118148
115698
115699
83602
83693
83699
83708
83711
99779
99780
99781
99782
99784
99785
99786
99787
99788
99789
99790
99791
99792
99793
99794
102181
83710
83758
99796
99797
99798
99799
99800
99801
99802
99803
99804
99805
99806
101698
83773
99807
99808
99809
99712
99810
99811
99812
99813
99814
99815
99816
99817
118384
99487
118385
99795
99818
99819
83709
83604
99821
99822
83603
99823
99824
99825
99826
99827
99783
102182
99828
83700
83752
86850
94705
99829
99830
99831
99832
83774
94704
99833
99834
99835
99836
99837
99838
99839
94703
87104
87105
99840
99841
99842
99843
99844
99845
99846
87101
87103
99847
99848
99849
87102
99850
99851
87106
87107
83469
83521
83598
83599
83601
83644
83645
95929
95931
83600
83635
95930
83536
99852
99853
99854
83459
94702
83470
83526
83450
112287
112288
83451
83438
99857
99858
99859
99860
82824
82829
82848
82906
82916
83008
83013
83022
83028
87370
87384
88495
99862
107883
107917
107918
107921
107934
107939
108020
109138
109139
112195
114786
115514
115691
115692
115716
118223
118266
118267
118268
118269
118270
119974
107897
107898
107901
107911
115516
115517
115518
115519
115520
115521
115522
115523
115524
115525
115526
115527
115528
115529
115530
115531
115533
115534
120035
115538
120381
115540
115541
115542
115543
115693
115695
120034
118264
118921
119975
83238
106925
107885
107900
120027
115544
115545
120036
115580
94909
83292
107893
94910
107899
107884
120032
120028
120031
115549
115550
115551
115553
115554
115562
115575
115578
120030
118259
115558
115559
120038
115561
115563
115564
115565
115566
115567
118258
115569
118257
118260
115570
115571
115572
115573
120037
120029
115555
115574
115576
115577
115579
115581
115694
115582
115583
115584
115585
115586
115587
115588
115589
115590
115591
115592
96803
107907
107910
109140
109141
109142
109156
112593
87357
107896
109144
109145
109146
109147
109148
112592
107895
109149
109150
109151
109152
83030
107909
83074
109154
109155
115593
115595
115596
115597
115598
115599
115600
117203
115601
117202
115603
109157
109153
109158
109159
115604
115605
115606
115607
115608
115609
115610
115611
115612
115613
115614
115615
115616
107886
107887
115617
115618
115619
115620
115621
115622
115623
115624
115625
115626
115627
115628
115629
115630
115631
115632
115633
115634
115635
115636
115638
115639
115640
115641
115642
115643
115644
115645
115646
115647
115648
115649
115650
115651
118229
115652
115653
115654
115655
115656
115657
115658
115659
115660
115661
83362
115662
115663
115664
115665
115666
115667
115668
115669
115670
115671
115672
115673
115674
115675
83058
83109
107905
107912
107914
107915
107937
115676
83110
83111
83124
107903
115677
115678
115679
115680
83105
107902
107913
83104
115681
115682
115683
115684
115685
83125
83090
107904
83071
83057
83102
83103
107906
107908
107916
115686
115687
83133
115688
83089
83069
83134
115689
115690
83087
83088
83067
107938
107936
82828
82914
82994
82934
82937
82936
82915
82849
82851
87862
87863
87864
95669
82827
82854
95667
112756
82855
87861
96540
82853
82850
82903
96507
82904
82814
82832
82833
95668
95671
95666
112750
95670
83151
83161
87736
95800
95802
99864
99865
99866
99867
99868
99869
99870
99871
99872
107877
107929
108025
109160
109161
109162
109163
109164
109166
109168
109169
109170
109171
109172
109218
109219
109224
113094
113095
113097
113098
115945
115946
115947
118226
119976
99873
99874
99875
107882
109176
109186
109191
118126
109177
115515
109173
109175
109178
109179
109180
109181
109174
118142
106351
99876
99877
99878
107879
108512
108513
109182
109183
109187
98469
99879
99880
99881
106152
106271
107880
109185
109188
109189
109192
118230
99882
99884
106272
107881
108515
106273
99883
108514
109190
118224
118225
109193
109194
109184
109195
87388
99885
107935
109196
109198
109199
109200
109201
109202
109203
109205
109206
109207
109209
109210
109211
109223
109225
114795
118246
118248
109197
87390
87391
107928
109213
109214
109226
109228
118251
109165
109215
109217
109221
109222
118227
109212
109227
109220
109204
109229
118271
118272
109216
99887
99888
99889
109231
109232
114785
114793
118231
118249
109230
109235
109236
109237
109238
109239
109240
109241
114794
118250
109208
109234
109242
114784
118247
109233
109243
114787
118245
99890
108021
108022
114789
114790
114791
114792
83157
83190
83192
83214
83221
83226
99893
99894
99896
99897
99898
104864
104868
83158
83181
83193
99899
99900
99901
113081
113082
113083
118222
107878
86853
86854
99895
83196
83175
113096
99903
99904
113085
113086
113088
113089
113084
113087
83180
99905
99906
83243
99907
95556
104865
97365
113092
113093
113090
83182
83183
87394
99908
99909
83191
83212
104866
83189
87393
83188
95932
99910
83163
83043
83045
83046
83056
83064
83081
87385
99911
99912
107931
108027
83065
83159
99913
99914
99915
83145
83072
87708
83066
83076
83077
95801
107930
83044
88311
83080
83113
83116
83117
108024
108026
99916
108023
83114
83135
83136
83073
83027
87386
107933
83041
107932
82800
82826
82873
82911
82918
87890
87891
88503
96622
96623
96624
96625
99679
99921
107923
115877
115878
115879
82951
107920
109925
109928
115719
115724
115730
82919
82935
109924
109927
99682
99922
99923
99944
115712
115715
115721
115722
115735
115736
115881
115714
115717
115726
114788
115718
118265
115713
115727
115728
115725
115720
115729
115723
115731
115732
115733
115734
99675
99925
99929
99930
99931
115884
115885
107922
115876
109926
107919
82830
82845
82858
82859
82860
82861
87889
112196
82885
82905
82908
112754
82907
82865
82866
82831
82837
112751
82836
95665
82863
96627
106443
106795
82862
82821
82822
82961
86814
96626
99918
99924
99935
99936
99938
99939
99954
107926
112905
115873
118236
118237
118241
82985
107924
120206
115869
115870
115871
115872
115874
115875
115880
82967
107925
99942
99946
107039
115883
118232
118240
112755
99937
99926
99933
115882
118234
118233
118239
107927
112906
112907
82986
88507
88508
99948
99949
99950
99951
99952
109850
118242
118243
88504
88505
99945
99953
99917
107038
107037
99955
118244
112358
13559
48469
82856
82872
82878
96630
96631
82874
96632
13474
13517
112752
82825
82877
94953
82881
88506
13558
13585
45404
52896
53914
82896
13692
61536
52893
52897
53915
58857
13655
52898
48471
48468
82779
82795
112746
112199
82789
112201
106445
87858
82796
87857
112200
112206
94957
82794
96508
112744
82815
82788
82793
13374
88207
13375
82781
82782
95790
82784
112745
112753
87176
112198
112197
82783
82780
82786
82790
82791
87401
28995
71299
75746
13427
13428
45443
48463
13372
45441
71291
13425
48464
48465
13404
28987
28996
75782
75783
75784
75785
75786
75787
75788
75789
75790
75791
75792
75793
75794
75795
75796
75797
75803
75804
75805
75806
75807
75808
13430
75809
75810
75811
75812
75813
75814
75815
75816
75817
75818
75819
75820
75821
75822
75823
75824
13390
13391
13399
13389
113772
113813
113823
113824
113825
113826
113827
113828
113830
113831
113832
113836
73928
73933
73938
73939
73947
76411
76412
76413
76414
76415
76416
76417
76418
76419
76420
76421
76422
76423
76424
76425
83282
83287
87006
87659
96072
100973
100974
100975
101098
101413
101415
101417
103698
113103
114239
114242
119558
115949
118424
118480
118498
119980
79068
79116
79261
79343
79347
79366
79377
79378
79379
79468
79555
79807
83790
83793
86604
86650
87109
87110
87436
96712
100993
100996
100997
100999
101000
101001
101002
101003
101005
101008
101010
101011
101012
101227
101295
101296
104833
107826
107828
108138
108139
108140
108147
112354
112357
115965
116373
117359
118486
118489
79936
79942
79945
83791
83842
83906
84024
84025
84027
86654
86656
86657
112543
84026
95625
112545
112549
84066
84146
84028
109270
112544
112547
112548
112546
83794
83796
83838
83897
83898
83899
83901
83903
86691
94723
83934
83933
83799
87108
94695
83902
83953
83954
83996
84017
84018
83932
83943
83944
84013
84014
83904
83792
83836
86692
86696
94725
83837
94724
86694
83795
83833
83881
83882
83832
83834
83835
79941
80075
80222
86880
79943
80073
79944
94727
80074
79393
79394
79494
79553
79602
79618
79619
79638
79650
79706
79811
83893
79704
79711
79719
79817
86653
86655
96721
96722
79816
79818
96720
83905
96723
79715
79810
79714
79605
79622
79639
79644
79645
79623
79617
79493
86651
86652
86697
83841
94726
79548
79385
112356
79386
79705
79712
79713
96711
96719
79637
96715
96716
96717
96718
116381
79812
79813
79814
96710
79392
79465
79483
79484
79560
79552
79558
79559
79480
79380
79069
83284
83299
83345
83464
83465
83479
83480
83610
83615
83633
87437
94709
94710
94719
101018
101019
101020
101022
101024
101028
101030
101031
101032
101033
101034
104819
104846
104854
104855
104857
112187
115953
115954
115955
115956
115960
115961
118072
118490
118996
83616
83638
83639
83691
83695
83720
83737
88852
94718
101035
101036
101037
101038
104816
112286
83705
94697
94700
101040
101041
101042
101043
101044
94699
101045
101046
101047
101048
101049
101050
101051
101052
101053
83696
86849
86852
94698
101054
101056
104815
101057
101055
101058
101039
83740
83543
83596
83617
83618
83613
83641
83642
112285
94701
83522
83532
83736
83739
83756
88853
101059
101061
101062
83757
104818
101063
83765
101060
94717
101025
101064
101065
101066
104817
83719
83614
83640
88855
88856
88854
83634
94716
83349
83376
83453
94708
101067
101068
101071
101072
101073
101074
101075
101076
101096
104973
108479
118494
118886
83428
83454
83409
101070
101077
118885
83393
83306
83316
83329
101078
101079
101080
106239
114237
117388
117387
114236
83320
101069
103759
101081
114241
114240
108480
112189
112190
118073
94706
108478
88761
112188
118074
83542
83326
83348
100987
101027
101082
101083
101085
101086
101087
101089
101090
101414
103697
103723
104852
104858
104859
104861
104863
115950
101092
101093
101094
101095
101097
101099
115951
115952
101088
101100
101101
104862
101102
94707
83406
83344
104860
101103
101084
101091
79240
79241
79253
83512
83713
83716
86648
86649
101104
101106
101107
101108
83717
83751
83755
101109
101110
101112
101113
101114
104820
101115
101116
101117
101118
112355
83775
101119
101120
83763
101111
104821
94715
94714
94720
101121
101123
101124
104822
101125
83762
101122
104823
96537
83550
83621
83624
83630
94713
94711
83551
94712
83513
79258
79319
79321
101126
101127
101128
101129
101130
101105
101131
101132
104824
79263
79267
79254
101133
101134
101135
118296
101136
101137
101138
101015
79324
79136
86644
86645
86646
101139
101140
101142
104843
104844
108141
108145
108153
115964
86647
83511
101021
101023
101143
104845
118382
83503
101029
83504
79159
108144
115962
79147
108142
108143
108146
108155
108156
108157
108158
115963
108154
108148
79129
101144
101141
79115
107825
83286
83327
83350
83351
83416
83448
87441
87660
88762
88763
96949
101149
101150
101153
104848
106252
106253
107807
107814
107816
108602
118381
118491
118997
88764
101154
101155
101156
101157
101159
104850
88765
101160
104847
101161
101162
101146
101158
101163
101164
104849
104851
101148
108603
87440
83288
83336
101147
101151
101165
101166
83340
87703
101167
101168
101169
104856
115957
115958
115959
101026
101170
104853
98011
99886
99861
83285
101171
113104
87658
83436
87442
107198
107199
107809
107811
107817
118487
118492
83437
118488
83439
101152
107812
107813
107818
87439
107815
107810
117383
86643
107808
107827
87443
83317
87444
87445
79522
79574
79594
101172
101174
101175
101177
101201
103955
101179
101180
101173
101176
101178
101200
101181
79371
79456
79530
79573
79680
79690
79695
101182
101183
101184
101185
109981
112518
112519
79685
79689
79780
79803
87704
101187
101188
101189
118387
79735
79805
79806
101190
101191
101192
101193
96713
96714
79721
79804
101194
101195
101196
101197
101198
101199
87705
101203
101202
79781
101204
101186
101206
104877
104878
79686
101216
104879
118388
101205
101207
101208
101209
101215
104876
79799
79376
79460
79467
101211
101212
101213
101218
101222
104871
104873
104875
79466
79554
79561
101214
101217
104874
79526
79459
101220
101221
104869
104872
101210
104870
101219
86887
101223
101224
101225
104867
116374
116375
86886
101009
101226
79674
79788
112523
112527
112528
112521
112522
112520
112525
112526
79720
79454
86891
79455
79370
109982
100995
101242
101243
101245
101246
118735
101247
116376
101248
79409
79410
79414
101233
104834
73973
73974
76426
76427
79101
79149
79317
86866
86867
86890
87452
101283
101284
104832
115069
115070
115071
115072
115073
115074
115075
115076
115077
115078
115079
115080
115081
115082
115083
115084
115101
115105
115380
118485
118496
118736
95610
101285
101286
101288
101289
101290
101291
104826
104830
104842
106654
106656
106657
108136
108137
108150
115966
117358
118191
118286
118733
79260
79271
79318
101293
104825
104827
106648
106651
106655
106665
106666
106667
116371
118291
118292
118294
101294
101297
101298
118293
79275
101300
101301
101302
101303
106662
106663
108536
108537
118288
118289
118386
101306
101307
118290
101006
101308
101309
101310
101007
101311
101304
101312
101287
106664
86888
79257
101313
101314
101315
106649
108152
86889
108149
101316
107829
86870
87448
101317
101318
101319
101322
101323
101324
101325
101326
101328
101330
101331
101332
104829
104831
115967
115968
118193
99711
101329
101333
101334
101335
101336
101337
101338
115970
101339
101340
101341
101342
101321
101320
101327
101343
101344
101347
101350
115969
118192
101346
101348
101349
101345
106658
101351
101352
101353
106650
101354
101355
101356
118287
101357
101358
101359
101360
101361
101362
103777
101363
118734
101364
101365
101366
101367
107056
101368
115377
115378
106652
106653
115086
115087
115088
115379
115089
115090
115091
73987
73988
73989
73990
73991
76428
79012
79046
79067
87812
115092
115093
79066
86834
86835
79027
115094
115095
115096
115097
115098
115099
115100
115102
115103
115104
115106
115107
115108
115109
115110
115111
115112
115113
74015
74016
74017
74018
74019
74020
74023
74024
74025
74027
119650
76429
76430
76431
74030
119649
74032
74035
74036
74037
74038
76432
76433
76434
76435
76436
76437
76438
76439
76440
76441
76442
76443
76444
76445
76446
76447
76449
79204
79239
87455
87458
87461
101370
101371
109613
109614
118481
87453
87457
101372
101373
101374
101375
115114
115115
115116
115117
115118
115120
115121
115376
115122
115123
86868
86869
87459
101376
101377
101378
101380
87454
101381
79124
101382
87460
95114
101383
79269
101384
101389
101390
79218
79128
87456
79148
79176
79177
118068
79144
79151
79100
79110
5012
5021
5022
22963
22964
28873
71732
74068
76450
79054
118497
45672
79009
79010
79051
79065
115124
115125
74071
79064
79063
79003
5023
5006
71729
74072
74073
76451
74074
74075
74076
76452
76453
76454
76455
74081
76456
76457
71731
76458
76459
5033
78992
79052
79053
78986
45677
29324
71733
3959
22962
29325
14086
14149
14150
14174
14190
14208
14244
14293
26459
46483
54888
54889
54890
54891
54892
54893
54895
54896
58274
71450
75987
75988
75989
75990
75991
75992
75993
75994
75995
75996
75997
75998
75999
76000
76001
76002
76003
76004
76005
76006
76007
76008
76009
76010
76011
76012
76013
76014
76015
76016
76460
76461
76462
76463
83011
112192
112910
118122
118500
118501
118502
119979
55032
55033
83019
83038
83153
83154
87739
95804
95933
95935
96067
101391
101393
101395
101396
101397
101418
101419
106287
112191
113075
113077
113079
83223
88206
96066
97361
101400
101409
101411
109947
113101
101402
101403
109946
83257
101404
101405
101406
83246
101407
100976
101408
113099
114238
88205
97401
101399
106373
106374
97390
101398
97392
113069
101401
106375
96068
96071
101412
96070
96069
106288
101416
86927
87462
95805
101420
113073
113100
86928
101421
101422
101423
106249
101424
106247
95803
101425
106248
113102
101426
101427
113074
106250
95806
87374
83012
119977
119978
95937
83126
113076
95938
113078
95936
83020
83023
83024
83025
112909
83179
83213
83218
87007
87009
95809
95810
95811
96076
101428
101429
101430
101431
101432
101433
101434
101435
101436
101437
101438
101439
101440
101441
101442
101443
101444
101492
106251
83255
87655
101445
101447
101448
101450
101451
101452
101453
101454
101455
101456
101457
105125
105126
83283
101458
101459
83247
101392
101394
83252
83241
87656
101460
101461
101462
83242
101463
87657
101449
101464
101465
101466
101467
101468
101469
101470
101471
101472
101473
101474
105124
101475
101476
101477
103924
83176
83185
83210
87740
87741
83205
95807
95808
83211
113080
95812
83156
113068
87008
101478
101479
101480
101481
101482
101483
101484
87010
101485
101486
101487
101488
101489
101490
96073
96074
101491
96075
101812
104900
101493
101494
87011
55030
55031
87012
55035
87013
101495
101496
101497
103760
101446
101498
54979
83155
95934
83075
87742
113066
113070
113072
113067
113071
113065
83021
83026
83039
83042
83037
71488
14287
55039
55040
54921
54922
55041
13747
13813
14063
14066
27223
27225
48428
48431
48435
48440
48442
55049
55062
71294
71295
76017
76018
76019
76020
76021
76022
76023
76024
76025
76026
76027
76028
76029
76030
76031
76032
76033
76034
76035
118503
14012
14014
14015
48432
55063
55064
55065
55066
82979
82980
101499
82954
82981
112193
112194
82958
82956
48426
48427
55069
61751
71304
96628
101500
101501
101502
101503
101504
101505
86992
87120
96629
27216
48429
48430
55068
55076
55077
14013
82977
82978
83018
112911
82976
46639
27222
55044
55078
55079
55080
32625
48423
55081
55082
55083
13928
55084
13766
55085
27226
13583
13632
13694
27220
45674
47296
47297
47299
48445
48446
48453
76036
76037
76038
76039
76040
76041
76042
76043
76044
76045
34377
46473
48416
48417
48424
53079
71293
71296
13695
55092
13649
13582
13611
48414
48415
71300
13623
13625
48419
46474
48433
48418
76046
13555
48454
48455
48474
76047
76048
76049
76051
76052
76053
76068
45675
48473
47291
76054
76055
76056
76057
76058
76059
76060
76061
76062
76063
76064
76065
48452
76066
76067
76070
76071
76406
76072
76073
76405
76074
76075
47294
27217
31221
76076
76077
76078
76079
76080
76082
76084
76085
76086
76087
118362
45685
76089
76090
76091
76092
76093
76684
118203
76094
76095
76685
76096
76098
76099
76100
76101
76102
27219
76081
76103
76104
76105
76106
118361
76107
13594
48434
47292
48439
66840
47293
48447
48438
71426
48441
66841
26554
76108
76109
76110
76111
76112
76113
76114
76115
76116
76117
76118
76119
76120
76681
14136
76122
76123
76124
76125
76126
76127
76128
76129
76130
76131
54894
55127
55130
55131
76407
55129
55132
26558
55134
76132
76134
76135
76680
55128
76137
76683
76682
76139
71449
76140
76141
76142
76143
76144
13774
76145
76146
76147
76148
76149
76150
76151
76152
76153
76154
76155
13584
13591
45679
48436
55152
55153
55154
55155
55156
55157
55160
76156
76157
76158
76159
76160
76161
76162
76163
76164
76165
76166
76167
76168
76169
76170
48443
55170
13595
55175
55176
45681
2263
2409
3133
3137
14705
22925
45687
45700
46491
46494
46500
48340
70508
76172
76177
76178
76180
76181
76258
76464
76465
76466
76467
76468
76469
76470
76471
76472
76473
76474
76475
76476
76478
76479
76618
117472
118499
14782
45704
46498
70644
76200
76480
76481
76482
76483
76484
76485
76486
76487
76488
76489
76490
76491
76492
76617
76625
117467
76493
76494
76495
76496
76497
76498
76499
76500
46484
76501
76502
76503
76504
76505
45703
46488
46496
46497
70645
22937
70646
76506
76507
76508
76509
76511
76513
76514
76515
76516
76518
76621
117219
117457
117458
76519
76520
76521
76522
76523
76524
76525
76526
76528
76529
76616
76623
76530
76531
76532
76533
76534
76535
76536
76510
76537
76538
76539
76540
117459
117460
76477
76541
76542
76543
117462
117461
76544
76619
3537
46495
76241
76242
76243
76244
76245
76545
117464
117471
3173
70648
46499
76546
76548
76549
76550
76551
76615
117463
117465
117466
117468
118069
76552
76547
76553
76554
117469
76624
76257
76259
117473
117477
117479
117470
3142
2373
2457
2493
2494
2725
26559
26560
26561
70506
71495
76262
76263
76264
76265
76266
76267
76268
76269
76270
76271
76272
2703
14454
22932
22935
29401
14498
29402
2495
26562
26563
26564
47311
76273
26565
26566
26567
76274
76275
76276
76277
76278
76279
76280
76281
76282
2546
2718
45706
76283
76284
76285
76286
76287
76288
76289
76290
46493
46501
76291
76292
76293
76294
76295
76296
76297
76298
76300
76301
76302
76410
76303
2735
76304
76305
76308
76312
117476
76309
76310
76311
117475
76313
70504
70505
14233
22921
71496
76314
76315
76317
76318
76319
76320
76321
76322
76323
76409
76324
76325
76326
76327
76328
76329
76330
76331
2264
76332
76333
45707
70507
3132
74139
74140
74141
74142
76555
76556
76557
76558
76559
76560
76561
76562
76563
76564
76565
76566
76567
76568
76569
76570
76571
76572
76573
76574
76575
76576
76577
76578
76579
76580
76581
76582
76583
76584
76585
76586
76587
76588
76589
76590
76591
76592
76593
76594
76595
76596
76597
76598
76599
76600
76601
76602
76603
3457
45698
3138
45697
76604
45699
45696
3689
74188
74189
74190
74191
74192
76605
76606
76607
76608
76609
76610
76611
76612
76613
76614
74202
2249
2482
2483
2488
2490
14176
45695
70511
2487
2734
2741
2884
71657
2885
70509
70510
2489
2505
2739
2484
2740
71656
2256
2380
14173
14234
22922
2262
2381
2403
2406
2408
2407
2402
45694
2259
22923
2371
2712
3131
2905
13858
13992
14064
24268
55366
55367
55368
55371
13857
13993
13997
14077
23943
24271
24272
55140
55328
55329
55331
118070
76341
76342
76343
76344
76345
76346
76347
76348
76349
76350
76351
76352
76353
76354
76355
76356
76358
117480
76357
76359
76360
76361
76362
76364
76365
76366
14078
24273
76367
76368
76369
54903
55333
55349
59879
13878
55350
55351
55352
76370
76371
76372
76340
13911
55354
13874
55332
55330
13995
14065
14073
14074
14141
14142
13996
14140
13855
55326
55327
55355
59881
24269
55356
59880
24270
55357
55358
55359
13711
68282
13714
71448
45682
14051
14100
14016
14037
13433
13439
48458
27682
76399
76402
76403
13440
120382
